	A	C	G	T
S1	0.355409995148	0.180980106744	0.221494420184	0.242115477923
S2	0.367540029112	0.1756428918	0.225618631732	0.231198447356
S3	0.357836001941	0.147501213003	0.312954876274	0.181707908782
S4	0.368995633188	0.120329936924	0.397379912664	0.113294517225
S5	0.335516739447	0.0727802037846	0.474041727317	0.117661329452
S6	0.285783600194	0.0601649684619	0.555312954876	0.0987384764677
S7	0.368753032508	0.0790878214459	0.423823386705	0.12833575934
S8	0.373605046094	0.111111111111	0.324842309558	0.190441533236
S9	0.335759340126	0.144347404173	0.267103347889	0.252789907812
S10	0.33794274624	0.175885492479	0.206695778748	0.279475982533
S11	0.362445414847	0.217370208637	0.176855895197	0.24332848132
S12	0.417273168365	0.177098495876	0.233867054828	0.171761280932
S13	0.257399320718	0.271470160116	0.137797185832	0.333333333333
S14	0.269529354682	0.262736535662	0.154779233382	0.312954876274
S15	0.902474526929	0.000485201358564	0.0803008248423	0.0167394468705
S16	0.000242600679282	0.000242600679282	0.0	0.999514798641
S17	0.000242600679282	0.0	0.999272197962	0.000485201358564
SN	0.25	0.25	0.25	0.25
